african_great_lakes={
	location=1649
	color={
20 30 20 	}
	outgoing={
		name="zanzibar"
		path={
			1649 3557 1798 1202 
		}
		control={
			3146.000000 975.000000 3172.000000 958.000000 3207.000000 969.000000 3243.000000 949.000000 
		}
	}
	outgoing={
		name="kongo"
		path={
			3558 3563 3564 3549 3551 3545 3543 
		}
		control={
			3141.000000 1016.000000 3129.000000 997.000000 3110.000000 990.000000 3115.000000 974.000000 3085.000000 963.000000 3082.000000 951.000000 3050.000000 954.000000 3025.000000 952.000000 
		}
	}
	members={
		3549 3550 3551 3552 3553 3554 3555 3556 3557 3558 3559 3560 3561 3562 3563 3564 3565 3566 3543 3545 3544 3571 3582 1798 1649 3589 3769 3770 3768 3771
		3984 3985 3567
		4603 4604 4605 4606 4607 4608 4609 4578 4636 4637 4638 4639 4640 4641 4642 4643
		4610 4611 4612 4613 4614 4615 4616 4617 4618 4619 4620 4621 4622 4623 4624 4625 4626 4627 4628 4629 4630 4631 4632 4633 4634 4635 4690 4691 4692
	}
}
zanzibar={
	location=1448
	outgoing={
		name="cape_of_good_hope"
		path={
			1449 1456 1457 1458 1459 1460 
		}
		control={
			3289.000000 833.000000 3289.000000 747.000000 3217.000000 686.000000 3212.000000 609.000000 3154.000000 514.000000 3064.000000 442.000000 
		}
	}
	members={
		1448 788 1100 1102 1103 1183 1186 1192 1193 1194 1195 1196 1197 1198 1199 1200 1201 1202 1203 1204 1792 1799 1900 2796 2774 
		3590 3591 3592 3593 3594 3595 3596 3597 3598 3599 3600 3601 3602 3603 3604 3605 3606 3504 3773 3585 3988 3989 3990 3987
		4652 4653 4990 4991 4992 4993 4994 4995 4996
	}
}
kongo={
	location=3542
	color={
200 200 200 	}
	outgoing={
		name="ivory_coast"
		path={
			3542 3523 3524 3512 3511 3510 3502 2505 
		}
		control={
			3005.000000 929.000000 2988.000000 945.000000 2958.000000 941.000000 2907.000000 957.000000 2891.000000 957.000000 2886.000000 946.000000 2880.000000 941.000000 2868.000000 932.000000 2852.000000 925.000000 2813.000000 922.000000 
		}
	}
	outgoing={
		name="zambezi"
		path={
			3542 3540 3536 3587 1190 1188 1191 
		}
		control={
			3030.000000 908.000000 3051.000000 882.000000 3065.000000 839.000000 3079.000000 804.000000 3046.000000 763.000000 3125.000000 759.000000 3148.000000 762.000000 
		}
	}
	members={
		3542 3501 3503 3508 3509 3510 3511 3512 3513 3514 3515 3516 3517 3518 3522 3523 3524 3525 3526 3527 3528 3529 3532 3533 3534 3535 3541 2510 1169 1901 1170 798 2949 2948 1171 2009 3540 3520
		3986 3537
		4688 4689
	}
}
patagonia={
	location=2868
	outgoing={
		name="laplata"
		path={
			1537 1536 
		}
		control={
			1641.000000 324.000000 1717.000000 353.000000 
		}
	}
	members={
		2868 2876 2869 786 2873 2874 780 782 783 1095 2870 2875 784 785 2872 787 2025 
		4771
	}
}
amazonas_node={
	location=2935
	outgoing={
		name="brazil"
		path={
			1529 1530 1531 
		}
		control={
			1846.000000 978.000000 1876.000000 985.000000 1891.000000 1001.000000 1977.000000 987.000000 2099.000000 923.000000 
		}
	}
	outgoing={
		name="carribean_trade"
		path={
			1529 1528 1576 1522 1520 1519 1517 1516 
		}
		control={
			1858.000000 1024.000000 1845.000000 1094.000000 1745.000000 1131.000000 1691.000000 1189.000000 1665.000000 1188.000000 1601.000000 1199.000000 1489.000000 1229.000000 
		}
	}
	members={
		1802 1803 2909 2910 2911 2929 2930 2931 2933 2934 2935 2889 2937 2938 2804 2811 742 743 744 2810 747 748 749 2890 2923 2924 2925 2926 2927 2928 745 746 2936 2815 2812 834 3410 
	}
}
rio_grande={
	location=2499
	outgoing={
		name="mississippi_river"
		path={
			1508 1507 
		}
		control={
			1169.000000 1464.000000 
		}
	}
	outgoing={
		name="mexico"
		path={
			1508 1509 2647 2646 
		}
		control={
			1130.000000 1418.000000 1127.000000 1342.000000 1089.000000 1315.000000 1097.000000 1276.000000 
		}
	}
	members={
		883 884 2666 2667 2668 2499 2497 2498 863 864 881 879 880 882 885 886 887 888 2496 2500 875 878 876 877 2495 2494 2493 2491 2492 2665 2669 892 896 891 889 890 2625 861 858 2614 2619 2618 895
		4857
	}
}
california={
	location=2021
	outgoing={
		name="mexico"
		path={
			1556 1555 1554 1552 1551 
		}
		control={
			712.000000 1611.000000 753.000000 1528.000000 880.299988 1372.900024 959.590027 1311.500000 
		}
	}
	outgoing={
		name="mississippi_river"
		path={
			872 873 2019 2020 2006 2008 903 902 900 897 2014 893 1507 
		}
		control={
			692.000000 1642.000000 680.000000 1719.000000 692.000000 1769.000000 749.000000 1760.000000 794.000000 1775.000000 815.000000 1755.000000 811.000000 1727.000000 862.000000 1708.000000 893.000000 1735.000000 908.000000 1764.000000 931.000000 1761.000000 948.000000 1767.000000 986.000000 1781.000000 1028.000000 1803.000000 1063.000000 1772.000000 1067.000000 1737.000000 1099.000000 1708.000000 1123.000000 1702.000000 1150.000000 1643.000000 1175.000000 1639.000000 1236.000000 1607.000000 1208.000000 1557.000000 1195.000000 1504.000000 1225.000000 1474.000000 
		}
	}
	outgoing={
		name="girin"
		path={
			1557 1684 1686 1685 1683 1668 1669 1440 1387 1980 1850 2106 2108 730 
		}
		control={
			646.000000 1635.000000 445.000000 1694.000000 264.000000 1736.000000 71.000000 1762.000000 5490.000000 1767.000000 5087.000000 1708.000000 4893.000000 1671.000000 4824.000000 1690.000000 4791.000000 1650.000000 4717.000000 1729.000000 4704.000000 1715.000000 4661.000000 1712.000000 
		}
	}
	members={
		2616 862 865 866 2620 869 870 871 872 873 874 1808 867 868 2019 2020 2021 2476 2477 2478 2479 2480 2481 2482 2483 2484 2485 2486 2487 2488 2489 2490 2608 1809
		3879
	}
}
alaska={
	location=1561
	outgoing={
		name="girin"
		path={
			1561 1560 1680 1681 1668 1667 1441 1383 1384 1381 1379 1386 1378 
		}
		control={
			356.000000 2025.000000 237.000000 2009.000000 155.000000 1933.000000 60.000000 1878.000000 5467.000000 1861.000000 5223.000000 1903.000000 5101.000000 1851.000000 5037.000000 1950.000000 4957.000000 2018.000000 4855.000000 1992.000000 4850.000000 1899.000000 4829.830078 1774.589966 4771.000000 1698.000000 4702.000000 1710.000000 4689.000000 1722.000000 
		}
	}
	members={
		1561 2601 979 2611 978 2612 977 2613 976 2022 2609 975 974 2610 2604 2605 2003 2607 973 972 1038 2440 1035 1034 1037 1810 1812 
		3693 2603
	}
}
girin={
	location=730
	color={
41 82 45 	}
	outgoing={
		name="siberia"
		path={
			2109 722 721 1057 1060 1062 1064 
		}
		control={
			4616.000000 1744.000000 4577.000000 1783.000000 4599.000000 1827.000000 4614.000000 1867.000000 4567.000000 1902.000000 4511.000000 1902.000000 4472.000000 1875.000000 4412.000000 1868.000000 4339.000000 1874.000000 4252.000000 1874.000000 4234.000000 1954.000000 4225.000000 2014.000000 
		}
	}
	outgoing={
		name="beijing"
		path={
			2110 726 704 1816 
		}
		control={
			4595.000000 1719.000000 4564.000000 1692.000000 4528.000000 1677.000000 4506.000000 1660.000000 
		}
	}
	outgoing={
		name="nippon"
		path={
			732 1377 1376 
		}
		control={
			4629.000000 1706.000000 4687.000000 1670.000000 4683.000000 1600.000000 
		}
	}
	members={
		732 1850 729 1050 1048 1049 2107 2108 2109 2110 2111 2187 2188 2106 2186 724 725 1058 2102 2104 2105 1053 727 728 731 2103 2185 730 1033 1036 1039 1040 1041 1043 1044 1045 1046 1047 1051 1052 1783 2435 2439 2446 2694 2742 2743 3346 2598 3668 3670 3671 3672 3673 3675 3677 3678
		3946 3947 3948 3949 3950 3951
	}
}
mississippi_river={
	location=1507
	outgoing={
		name="carribean_trade"
		path={
			1506 1505 1525 1516 
		}
		control={
			1320.000000 1432.000000 1352.000000 1392.000000 1431.920044 1359.630005 1477.000000 1331.000000 
		}
	}
	outgoing={
		name="ohio"
		path={
			921 2528 939 
		}
		control={
			1206.000000 1502.000000 1221.000000 1559.000000 1250.000000 1604.000000 
		}
	}
	members={
		893 894 897 898 899 900 901 902 903 904 905 917 918 919 920 921 922 1507 2006 2007 2008 2014 909 906 907 908 939 2501 2502 2503 2506 2507 2512 2513 2514 2515 2516 2528 2529 2530 2532 916 2520 
	}
}
ohio={
	location=940
	color={
129 214 238 	}
	inland=yes
	outgoing={
		name="chesapeake_bay"
		path={
			948 2011 
		}
		control={
			1314.000000 1638.000000 1349.000000 1629.000000 1373.000000 1650.000000 1392.000000 1669.000000 1424.000000 1676.000000 1471.000000 1635.000000 
		}
	}
	outgoing={
		name="st_lawrence"
		path={
			946 991 
		}
		control={
			1313.000000 1663.000000 1336.000000 1687.000000 1396.000000 1707.000000 1402.000000 1721.000000 1430.000000 1726.000000 1485.000000 1754.000000 1515.000000 1773.000000 1540.000000 1790.000000 1563.000000 1814.000000 1595.000000 1827.000000 1626.000000 1830.000000 
		}
	}
	members={
		940 948 943 2524 2525 2526 946 947 942 2523 2519 2527 2531 935 2548 951 2551 941 934 915 914 911 945 2521 2522 944 987 954 2555 958 2670 2586 2587 913 912 2518 2517 910 1007 2015 1001 2671 988 
		3881 3880
	}
}
mexico={
	location=1551
	outgoing={
		name="carribean_trade"
		path={
			847 848 1510 1511 1512 1518 1516 
		}
		control={
			1149.000000 1252.000000 1158.000000 1301.000000 1207.000000 1354.000000 1248.000000 1367.000000 1303.000000 1340.000000 1373.000000 1330.000000 
		}
	}
	outgoing={
		name="panama"
		path={
			1550 1549 1548 835 
		}
		control={
			1115.000000 1232.000000 1220.000000 1202.000000 1290.000000 1138.000000 1376.000000 1111.000000 
		}
	}
	outgoing={
		name="nippon"
		path={
			1552 1554 1694 1693 1692 1601 1670 1669 1440 1391 1390 1376 
		}
		control={
			950.000000 1248.000000 779.000000 1302.000000 360.000000 1255.000000 50.950001 1308.849976 
		}
	}
	outgoing={
		name="australia"
		path={
			1701 1716 1736 1728 1738 1426
		}
		control={
			
		}
	}
	members={
		1551 841 842 844 845 846 847 848 849 850 851 852 853 854 855 856 857 859 2615 2617 2621 2622 2623 2624 2626 2627 2628 2629 2630 2631 3788 2632 2633 2635 2638 2641 2642 2643 2644 2645 2646 2647 2648 2649 2650 2651 2657 860 843 2634 2652 2600 2595 2636 2653
		4818 4819 4820 4821 4822 4823 4824 4825 4826 4827 4828 4829 4830 4831 4832 4833 4834 4835 4836 4837 4838 4839 4840 4841 4842 4843 4844 4845 4846 4847 4848 4849 4850 4851 4852 4853 4854 4855 4856
	}
}
lhasa={
	location=677
	inland=yes
	outgoing={
		name="kashmir"
		path={
			2129 2128 2074 508 
		}
		control={
			4012.000000 1481.000000 3956.000000 1484.000000 3906.000000 1507.000000 3879.000000 1536.000000 3841.000000 1556.000000 3817.000000 1568.000000 
		}
	}
	outgoing={
		name="chengdu"
		path={
			2132 2167 675 679 
		}
		control={
			4106.000000 1477.000000 4140.000000 1499.000000 4175.000000 1469.000000 4199.000000 1434.000000 4239.000000 1474.000000 
		}
	}
	members={
		677 2129 2128 676 2070 2071 705 2130 557 565 2134 3448 3624 3625 3626 3627 3628 3956
		4124 4305 4307 4308 4309 4310 4311 4312 4313 4314
	}
}
chengdu={
	location=679
	inland=yes
	outgoing={
		name="canton"
		path={
			680 673 2163 2165 665 667 1371 
		}
		control={
			4309.000000 1475.000000 4353.000000 1500.000000 4394.000000 1476.000000 4403.000000 1440.000000 4404.000000 1412.000000 4410.000000 1395.000000 4398.000000 1371.000000 
		}
	}
	outgoing={
		name="xian"
		path={
			2169 689 700 
		}
		control={
			4307.000000 1514.000000 4341.000000 1536.000000 
		}
	}
	outgoing={
		name="burma"
		path={
			662 583
		}
		control={
		}
	}
	members={
		679 2132 2167 675 678 2135 2170 2131 2133 660 661 2165 2166 680 2168 2169 2748 3631 3635 3636 3637
		3920 3921 3922 662 3634 3923 3924 3925 3926 3927 3930 3931
		4302 4303 4304 4306
	}
}
canton={
	location=1371
	outgoing={
		name="malacca"
		path={
			1394 1367 1362 1361 
		}
		control={
			4389.000000 1288.000000 4388.000000 1145.000000 4324.000000 1049.000000 4289.680176 1020.320007 
		}
	}
	outgoing={
		name="hangzhou"
		path={
			1372 1824 684 
		}
		control={
			4481.000000 1367.000000 4540.000000 1433.000000 4556.000000 1481.000000 
		}
	}
	outgoing={
		name="philippines"
		path={
			1394 1397 
		}
		control={
			4493.000000 1261.000000 4521.000000 1222.000000 4541.000000 1220.000000 4558.000000 1238.000000 4584.000000 1228.000000 
		}
	}
	members={
		2161 1371 610 613 616 663 664 665 666 667 668 672 673 674 738 1016 1840 2155 2156 2157 2158 2159 2160 2162 2163 2164 2173 2174 2371 2372 3360 3361 3362 3363 3364 3632 3633 3640 3641 3642 3643 3644 3645 3646
		3913  3910 3911 3914 3917 3918 3919 3929
		4075 4076 4077 4078 4079 4282 4283 4284 4285
	}
}
australia={
	location=1412
	outgoing={
		name="the_moluccas"
		path={
			1411 1407 1410 1409 1401 1357 
		}
		control={
			5037.000000 644.000000 4963.000000 723.000000 4884.000000 845.000000 4786.000000 855.000000 4690.000000 908.000000 4617.000000 897.000000 
		}
	}
	members={
		1085 1086 1087 1088 1089 1090 1091 1092 1093 1106 1107 1108 1109 1236 1242 1243 1244 1246 1239 1238 1790 1791 1094 1084 1412 1986 1987 1989 2719 2720 2721 2722 2723 2726 2727 2728 2729 2730 2731 2732 2733 2734 2735 2736 2737 2738 2739 3339 1237 3358 3573 3738 3736 3737 3735 3734 3733 3730 3731 3732 3739 1996 1995 1235 1993 1994 1992 1991 1990 1241 1988 1240 1997
		4762 4763 4764 4765 4766
	}
}
nippon={
	location=1376
	outgoing={
		name="hangzhou"
		path={
			1389 1373 684 
		}
		control={
			4645.000000 1536.000000 4605.000000 1504.000000 
		}
	}
	members={
		1376 734 735 736 737 1012 1013 1014 1017 1018 1019 1020 1021 1023 1024 1025 1026 1027 1028 1029 1030 1031 1032 1818 1819 1820 1825 1830 1832 1835 1837 1839 1843 1847 1852 2741 2745 3347 3341 3343 3344 3348 3623 
		3679 3680 3681 3682 3683 3684 3685 3686 3687 3688 3689 3690 3691 3692 3885 3886 3887 3888 3889 3890 3891 3892 3893 3345 3896
		1392 3894
		4973 4974 4975 4976 4977 4978 4979 4980 4981 4982 4983 5113 5114 5115 5116 5117 5118
	}
}
hangzhou={
	location=684
	outgoing={
		name="xian"
		path={
			686 687 1836 700 
		}
		control={
			4479.000000 1502.000000 4431.000000 1546.000000 4398.000000 1560.000000 
		}
	}
	outgoing={
		name="beijing"
		path={
			684 1373 1374 1375 
		}
		control={
			4554.370117 1512.900024 4573.000000 1597.000000 
		}
	}
	outgoing={
		name="malacca"
		path={
			1373 1393 1395 1368 1360 1361 
		}
		control={
			4573.000000 1484.000000 4582.000000 1421.000000 4525.000000 1331.000000 4493.000000 1274.000000 4453.000000 1131.000000 4399.000000 1076.000000 4339.000000 1038.000000 4315.000000 1013.000000 
		}
	}
	members={
		669 670 671 682 683 684 685 686 1015 1821 1822 1824 1829 1833 1838 1897 2141 2142 2143 2144 2145 2146 2147 2148 2149 2150 2151 2152 2153 2175 2176 2154 3340 3647 3648 3649 3650 3651 3652 3653 3694
		3900 3901 3902 3903 3906 3907 3908 3909 3912 3915 3916 3895
		4287 4288 4289 4997 4998 4999 5000
	}
}
xian={
	location=700
	inland=yes
	outgoing={
		name="beijing"
		path={
			1836 692 2137 2140 691 2138 1375 1816 
		}
		control={
			4369.000000 1569.000000 4386.000000 1575.000000 4401.000000 1572.000000 4428.000000 1574.000000 4449.000000 1591.000000 4466.000000 1604.000000 4483.000000 1614.000000 4492.000000 1631.000000 
		}
	}
	outgoing={
		name="yumen"
		path={
			689 698 706 707 
		}
		control={
			4328.000000 1576.000000 4309.000000 1609.000000 4267.000000 1618.000000 4223.000000 1645.000000 4180.000000 1652.000000 
		}
	}
	members={
		702 681 2172 709 700 689 687 2171 1836 694 2178 2181 2180 2177 698 699 701 688 692 693 2179 2182 2183 2184 2747 3630 3638 3639 3932 3904 3905 3933 3934 3935 3936 3953 3928
		4286 4290 4291 4292 4293 4294 4301 4317 4318
	}
}
beijing={
	location=1816
	outgoing={
		name="yumen"
		path={
			695 696 697 701 709 707 
		}
		control={
			4456.000000 1657.000000 4444.000000 1663.000000 4411.000000 1665.000000 4342.000000 1649.000000 4250.000000 1664.000000 
		}
	}
	members={
		690 691 704 726 703 722 1816 695 696 697 1845 733 723 2136 2137 2138 2139 2140 2112 2113 2114 2115 2744 3349 3342 3654 3655 3656 3657 3658 3659 3660 3661 3662 3663 3664 3666 3897 3898 3899 3952
		4295 4296 4297 4298 4299 4300
		
	}
}
philippines={
	location=1397
	outgoing={
		name="the_moluccas"
		path={
			1399 1357 
		}
		control={
			4580.000000 1203.000000 4578.000000 1171.000000 4571.000000 1160.000000 4565.000000 1148.000000 4542.000000 1136.000000 4536.000000 1110.000000 4609.000000 1063.000000 4609.000000 1018.000000 4577.000000 980.000000 4571.000000 934.000000 
		}
	}
	outgoing={
		name="panama"
		path={
			1403 1434 1676 1734 1735 1736 1740 1741 1711 1708 1702 1547 1548 835 
		}
		control={
			4683.000000 1186.000000 4782.000000 1120.000000 4961.000000 1049.000000 5173.000000 1014.000000 5534.000000 915.000000 5780.970215 903.960022 403.000000 927.000000 639.000000 915.000000 881.000000 887.000000 1086.000000 879.000000 1233.000000 925.000000 1342.000000 1050.000000 1387.000000 1110.000000 
		}
	}
	members={
		651 652 653 654 655 656 657 658 2697 2698 2699 2700 2701 2702 1397 3350 3351 3352 3353 3354 3747 3748
		4040 4046
	}
}
the_moluccas={
	location=1357
	outgoing={
		name="malacca"
		path={
			1358 1360 
		}
		control={
			4480.000000 903.000000 4366.000000 946.000000 4318.000000 995.000000 
		}
	}
	members={
		646 2687 2688 2689 2690 2718 2724 1357 1245 647 645 2717 648 649 650 2725 2696 2695 635 633 634 643 2713 2714 642 2715 641 2716 632 627 2691 631 2693 629 2692 628 626 625 630 624 644 3338 1789 3507 3574 3506 3505 3607 3608 3609 3613 3614 3615
		4030 4031 4032 4033 4034 4035 4036 4037 4038 4045 4246 4253 4254 4255 4256 4257 4269 4273 4275 4755 4756 4757 4758 4759 4760 4761 5013
	}
}
gulf_of_siam={
	location=1365
	color={
84 152 93 	}
	outgoing={
		name="malacca"
		path={
			1364 1362 1361 
		}
		control={
			4236.890137 1130.449951 4266.000000 1084.000000 4281.000000 1027.000000 
		}
	}
	members={
		589 592 600 601 602 603 604 605 606 609 607 608 611 612 614 615 1817 1823 1844 1022 1365 2373 2374 2375 2376 2377 2378 2379 2380 2381 2382 2383 2384 2385 2386 2387 2388 2389 3359 3365 3366 3367 3368 3369 3370 3371 3372 3467 3468 3469 3470 3471 3472 3473 3474 3475
		4050 4051 4052 4053 4054 4055 4056 4058 4059 4060 4061 4062 4063 4064 4065 4066 4067 4068 4069 4070 4071 4072 4073 4074 4080 4081
	}
}
malacca={
	location=1361
	outgoing={
		name="ganges_delta"
		path={
			1348 1347 1345 1344 1343 
		}
		control={
			4197.000000 1071.000000 4156.000000 1129.000000 4127.000000 1224.000000 4086.000000 1267.000000 
		}
	}
	outgoing={
		name="zanzibar"
		path={
			1352 1624 1623 1621 1620 1617 1450 1448 
		}
		control={
			4308.000000 972.000000 4290.000000 913.000000 4128.000000 908.000000 3992.080078 892.909973 3815.000000 908.000000 3653.000000 928.000000 3509.000000 919.000000 3396.000000 890.000000 
		}
	}
	outgoing={
		name="cape_of_good_hope"
		path={
			1352 1624 1623 1621 1620 1455 1627 1459
		}
		control={
			4308.000000 972.000000 4290.000000 913.000000 4128.000000 908.000000 3992.080078 882.909973 3815.000000 878.000000 3703.000000 858.000000 3643.000000 808.000000 3583.000000 698.000000 3483.000000 638.000000 3433.000000 598.000000 3343.000000 538.000000 3323.000000 508.000000 3313.000000 448.000000 3303.000000 408.000000 3243.000000 358.000000 3003.000000 398.000000
		}
	}
	members={
		593 594 595 596 597 598 599 617 618 619 620 621 622 623 636 637 638 639 640 659 1361 1998 1999 2390 2391 2392 2393 2394 2673 2674 2675 2676 2677 2678 2679 2680 2681 2682 2683 2684 2685 2686 2703 2704 2705 2706 2707 2708 2709 2710 2711 2712 2740 3610 3611 3612 3616 3617 3618 3619 3620 3621 3463 3464 3465 3466
		4026 4027 4028 4029 4039 4041 4042 4043 4044 4047 4048 4049 4219 4220 4221 4223 4227 4237 4238 4244 4245 4258 4259 4261 4263 4277 4278
	}
}
siberia={
	location=1064
	inland=yes
	outgoing={
		name="kazan"
		path={
			1062 1064 480 479 472 475 1082 
		}
		control={
			3945.000000 1989.000000 3867.000000 1967.000000 3734.000000 2001.000000 3683.000000 1952.000000 3619.000000 1888.000000 3531.000000 1869.000000 3491.000000 1947.000000 
		}
	}
	outgoing={
		name="samarkand"
		path={
			480 478 477 1969 457 454 
		}
		control={
			3959.000000 1957.000000 3856.000000 1856.000000 3759.000000 1820.000000 3710.000000 1736.000000 3708.000000 1682.000000 
		}
	}
	members={
		1782 1781 1071 479 1054 1055 1056 1057 1059 1060 3791 1061 1062 1063 1064 1065 1067 1068 1070 480 1069 1073 1074 1080 1078 1075 1076 2357 2369 2427 2428 2429 2430 2431 2432 2433 2434 2436 2437 2442 2443 2445 1072 2438 1042 3943 1966
		4319 4320 4321 4322 4323 4324 4325 4326 4327 4328 4329 4330 4331 4332 4333 4334 4335
	}
}
yumen={
	location=707
	inland=yes
	outgoing={
		name="samarkand"
		path={
			713 1786 739 1785 452 1967 454 
		}
		control={
			4088.000000 1660.000000 3997.000000 1672.000000 3932.000000 1672.000000 3864.000000 1647.000000 3823.000000 1650.000000 3766.000000 1671.000000 3723.000000 1660.000000 
		}
	}
	members={
		712 710 1786 706 707 708 711 713 714 715 716 717 718 719 720 721 1066 1784 2116 2117 2118 2119 2120 2121 2122 2123 2124 2192 2189 2190 2191 2193 2194 3629 3695 3938 3939 3940 3941 3942 3944 3945
		4127 4315 4316
	}
}
burma={
	location=584
	color={
		40 181 202
	}
	inland=yes
	outgoing={
		name="ganges_delta"
		path={
			3452 1815 
		}
		control={
			4123.000000 1329.000000 4127.000000 1317.000000 4128.000000 1300.000000 4106.000000 1293.000000 4066.000000 1332.000000 
		}
	}
	outgoing={
		name="gulf_of_siam"
		path={
			4086 585 586 590 4051 4052 3467
		}
		control={
			4188.000000 1289.000000
		}
	}
	members={
		566 570 571 573 580 581 582 583 584 585 586 587 588 590 591 1815 2040 2041 2395 2396 2397 2398 2399 2400 2401 2403 2404 3451 3452 3453 3454 3455 3456 3457 3458 3459 3460 3461 3462 4082 4083 4084 4086 4089
	}
}
kashmir={
	location=508
	color={
63 150 30 	}
	inland=yes
	outgoing={
		name="samarkand"
		path={
			578 451 450 453 454 
		}
		control={
			3764.000000 1555.000000 3740.000000 1563.000000 3725.000000 1568.000000 3713.000000 1587.000000 3714.000000 1603.000000 3695.000000 1613.000000 3698.000000 1632.000000 
		}
	}
	outgoing={
		name="doab"
		path={
			2076 507 2065 520 524 
		}
		control={
			3813.000000 1543.000000 3791.000000 1511.000000 3832.000000 1480.000000 3854.000000 1457.000000 
		}
	}
	members={
		448 451 452 507 508 509 447 2225 578 1787 739 1785 2073 2074 2075 2076 2077 2078 2127 2226 2227 2125 460 2200 3382 3383 3384 3385 3386 3696 3937
		4176 4177 4178 4179 4180 4181 4182 4183 4184 4185 4186 4187 4188 4189 4190 4191 4192 4193 4199 4200 4201 4202 4203
	}
}
doab={
	location=524
	inland=yes
	outgoing={
		name="goa"
		path={
			525 740 2057 527 2036 2034 1946 2030 
		}
		control={
			3856.000000 1404.000000 3851.000000 1383.000000 3840.000000 1360.000000 3821.000000 1342.000000 3796.000000 1333.000000 3801.000000 1304.000000 3801.000000 1264.000000 
		}
	}
	outgoing={
		name="ganges_delta"
		path={
			2063 556 2095 558 2044 563 564 1343 
		}
		control={
			3883.000000 1430.000000 3912.000000 1411.000000 3932.000000 1404.000000 3964.000000 1417.000000 4006.000000 1412.000000 4033.000000 1374.000000 
		}
	}
	members={
		551 519 525 2063 512 558 524 510 2060 2061 2062 2065 511 554 550 559 2069 2094 523 2055 2047 520 556 2097 2095 2044 2059 555 522 2064 2066 3430 3432 3433 3374 3375 3376 3377 3378 3379 3380 3381 3436 3431 2096
		4104 4105 4106 4107 4108 4109 4110 4111 4112 4113 4114 4115 4116 4117 4118 4119 4120 4121 4122 4123 4125 4126 4158 4159 4160 4175 5002 5003 5004 5005
	}
}
ganges_delta={
	location=1343
	outgoing={
		name="comorin_cape"
		path={
			1342 1341 1340 
		}
		control={
			3953.000000 1275.000000 3907.000000 1205.000000 3925.000000 1109.000000 3879.000000 1099.000000 
		}
	}
	members={
		1343 547 552 553 560 561 562 563 564 567 568 574 579 1788 1950 2038 2039 2042 2043 2045 2046 2048 2049 2080 2081 2082 2091 2098 2402 3409 3414 3421 3422 3426 3427 3428 3429 3373 3435 3447 3449 3450 3740 549
		3954
		4087 4088 4090 4091 4092 4093 4094 4095 4096 4097 4098 4099 4100 4101 4102 4103 4128 4129 4130 4131
	}
}
comorin_cape={
	location=1340
	outgoing={
		name="gulf_of_aden"
		path={
			1615 1451 1331 
		}
		control={
			3727.000000 1130.000000 3549.000000 1163.000000 
		}
	}
	outgoing={
		name="goa"
		path={
			1339 2030 
		}
		control={
			3807.000000 1176.000000 
		}
	}
	outgoing={
		name="cape_of_good_hope"
		path={ 
			1619 1618 1455 1627 1626 1459
		}
		control={
		}
	}
	members={
		533 534 535 536 537 538 539 540 542 543 572 1101 1248 1340 1947 1949 2026 2027 2031 2037 2083 2084 2085 2090 2099 2100 2101 3141 3142 3143 3144 3400 3401 3402 3403 3404 3405 3406 3407 3408 3417 3418 3420 3423 3424 3425 3396 3397 3398 3955
		4132 4133 4134 4135 4136 4137 4138 4139 4140 4141 4144 4145 4146 4147 4148 4149
	}
}
goa={
	location=2030
	outgoing={
		name="indus"
		path={
			1338 1337 504 
		}
		control={
			3770.000000 1267.000000 3752.000000 1315.000000 3714.000000 1344.000000 
		}
	}
	outgoing={
		name="gulf_of_aden"
		path={
			1339 1615 1451 1331 
		}
		control={
			3746.000000 1228.000000 3672.000000 1216.000000 3535.000000 1222.000000 3470.000000 1208.000000 
		}
	}
	members={
		740 2057 530 531 532 2089 2030 2034 516 517 529 2036 526 527 544 545 2029 1946 569 2033 546 548 2092 541 2032 2035 1948 2050 2028 3136 3137 3138 3139 3140 3419 3416 3392 3393 3394 3395 3399 3434
		4142 4143 4150 4151 4152 4153 4154 4155 4156 4157 4161 4162 4163 4164 4165 4166 4172
	}
}
indus={
	location=504
	color={
135 104 85 	}
	outgoing={
		name="gulf_of_aden"
		path={
			1336 1333 1332 1331 
		}
		control={
			3644.000000 1366.000000 3579.000000 1317.000000 3484.000000 1230.000000 
		}
	}
	outgoing={
		name="hormuz"
		path={
			1336 1334 
		}
		control={
			3609.000000 1393.000000 
		}
	}
	outgoing={
		name="samarkand"
		path={
			576 577 448 451 450 453 454 
		}
		control={
			3700.000000 1410.000000 3695.000000 1434.000000 3693.000000 1490.000000 3674.000000 1512.000000 3700.000000 1539.000000 3709.000000 1557.000000 3683.000000 1579.000000 3680.000000 1606.000000 3666.000000 1622.000000 
		}
	}
	members={
		503 504 505 506 513 514 515 518 521 528 576 577 2051 2052 2053 2054 2056 2058 2067 2068 2072 2079 2086 2087 2088 2093 2231 3135 3387 3388 3389 3390 3391 3437
		4167 4168 4169 4170 4171 4173 4174 4194 4195 4196 5001
	}
}
gulf_of_aden={
	location=1331
	outgoing={
		name="zanzibar"
		path={
			1446 1447 1448 
		}
		control={
			3455.000000 1168.000000 3408.000000 1071.000000 3315.000000 983.000000 
		}
	}
	outgoing={
		name="alexandria"
		path={
			1330 1329 1328 361 358 
		}
		control={
			3323.000000 1199.000000 3239.000000 1339.000000 3210.000000 1390.000000 3183.000000 1436.000000 3159.060059 1455.930054 3146.000000 1478.000000 3141.000000 1495.000000 3123.000000 1500.000000 
		}
	}
	outgoing={
		name="hormuz"
		path={
			1332 1333 1334 
		}
		control={
			3501.000000 1264.000000 3583.000000 1354.000000 
		}
	}
	members={
		2775 2782 2783 2786 2788 2789 2790 2794 2795 1331 386 387 388 389 390 391 401 402 1099 1205 1206 1209 1212 1215 1230 2341 2342 2343 2344 2345 2346 2765 3622 
		3965 3971 3972 3973 3974 3976 3977 3997 3998 3999 4000 4001
		4264 4265 4266 4268 4270 4271 4272 4274 4547 4548 4549 4592 4593 4594 4597
	}
}
hormuz={
	location=1334
	outgoing={
		name="basra"
		path={
			2219 1335 
		}
		control={
			3520.000000 1430.000000 3496.000000 1420.000000 3461.000000 1427.000000 3431.000000 1448.000000 
		}
	}
	members={
		400 403 431 399 2219 2223 432 2234 434 435 2220 2233 397 398 404 575 2230 2232 2224 2229 1334 2333 2999 3415 3438 3711 4002 4019 4021
		4197 4198 4210 4211 4212 4279
	}
}
zambezi={
	location=1191
	color={
0 200 200 	}
	outgoing={
		name="zanzibar"
		path={
			119 1187 1186 1192 788 1195 1196 1197 1199 1201 
		}
		control={
			3184.000000 735.000000 3189.000000 727.000000 3204.000000 715.000000 3223.000000 736.000000 3264.000000 755.000000 3266.000000 794.000000 3264.000000 831.000000 3247.000000 881.000000 3252.000000 910.000000 
		}
	}
	members={
		1191 3577 3578 3579 3580 3581 3583 3584 3774 3772 3587 1800 3531 3588 3530 3536 3538 1187 2951 2952 1184 3576 1189 1190 1188 2950 1185 3575 3586 3539
		4912 4913 4644 4645 4646 4647 4648 4649 4650 4651 4654 4655 4656 4657 4658 4659 4660 4674 4675 4676 4677 4678 4679 4680 4681 4682 4683 4684 4685 4686 4687
	}
}
cape_of_good_hope={
	location=1460
	outgoing={
		name="ivory_coast"
		path={
			1461 1462 1463 1464 1465 1466 
		}
		control={
			2874.000000 488.000000 2821.000000 626.000000 2799.000000 749.000000 2817.000000 867.000000 2758.000000 958.000000 2733.000000 1050.000000 
		}
	}
	members={
		1460 789 833 1174 1175 1176 1177 1178 1179 1180 1181 1182 1801 1173 2856 2864 2880 3335 3332 3334 3331 3546 3547 3741
		4661 4662 4663 4664 4665 4666 4667 4668 4669 4670 4671 4672 4673 4754
	}
}
basra={
	location=1335
	outgoing={
		name="aleppo"
		path={
			408 409 406 382 377 
		}
		control={
			3381.000000 1494.000000 3336.000000 1510.000000 3322.000000 1537.000000 3299.000000 1561.000000 3280.000000 1566.000000 3256.000000 1581.000000 3232.000000 1584.000000 
		}
	}
	outgoing={
		name="persia"
		path={
			412 413 428 426 
		}
		control={
			3402.000000 1493.000000 3397.070068 1512.569946 3381.000000 1534.000000 3379.000000 1560.000000 3449.000000 1574.000000 
		}
	}
	members={
		1335 392 393 394 396 408 409 410 406 2310 412 413 430 2209 2210 2217 2311 2312 2335 2336 2337 2338 2339 2340 2347 395 3117 3329 3330 3440 3441 3444 3445 3754
		3961 2218 3962 3963 4017 4018 4020
		4222 4228 4229 4230 4231 4232 4233 4241 4242 4243 4280 4281
	}
}
samarkand={
	location=454
	inland=yes
	outgoing={
		name="persia"
		path={
			442 441 438 437 427 426 
		}
		control={
			3640.000000 1643.000000 3595.000000 1583.000000 3557.000000 1603.000000 3527.000000 1619.000000 3503.000000 1615.000000 3481.000000 1599.000000 
		}
	}
	outgoing={
		name="astrakhan"
		path={
			442 440 443 470 465 464 
		}
		control={
			3654.000000 1667.000000 3625.000000 1652.000000 3601.000000 1688.000000 3568.000000 1706.000000 3544.000000 1726.000000 3509.000000 1772.000000 3448.000000 1797.000000 
		}
	}
	members={
		440 441 442 444 445 446 449 450 453 454 455 456 457 459 471 472 476 477 1967 1969 1970 1973 461 478 2126 2228 2370 2362 2363 2356 2364 2368 2355 2360 2354 2361 2358 2352 2351 2353 2359 458 1968 3697 3698 3699 3700 3701 3702 3703 3705
		4204 4205 4206 4207 4208 4209
	}
}
persia={
	location=426
	color={
204 119 31 	}
	inland=yes
	outgoing={
		name="aleppo"
		path={
			1326 421 2202 2205 418 407 377 
		}
		control={
			3429.000000 1600.000000 3399.000000 1615.000000 3396.000000 1655.000000 3359.000000 1635.000000 3325.000000 1646.000000 3287.000000 1632.000000 3254.000000 1624.000000 
		}
	}
	members={
		411 414 415 416 417 420 421 424 426 427 428 429 433 436 437 438 2202 2203 2206 2207 2211 2212 2213 2214 2215 2216 2221 2222 2235 2236 2349 2350 3115 3116 3123 3127 2205 419 3439 3442 3443 3446 3476 3704 3743 3755 3756
		3810 3820 3815 3813 3814 4013 4014 4015 4016
		4213 4214 4215 4216 4217 4218 4224 4225 4226 4234 4235 4236 4239 4240
	}
}
aleppo={
	location=377
	outgoing={
		name="aegean_trade"
		path={
			2313 1317 1932 1319 
		}
		control={
			3204.000000 1594.000000 3200.000000 1593.000000 3196.000000 1591.000000 3177.000000 1589.000000 3151.000000 1584.000000 3121.000000 1591.000000 3098.000000 1587.000000 3085.000000 1597.000000 3072.000000 1596.000000 3063.000000 1600.000000 3053.000000 1599.000000 3042.000000 1610.000000 3031.000000 1609.000000 3021.000000 1611.000000 
		}
	}
	outgoing={
		name="constantinople"
		path={
			327 3113 3263 3108 4429 3111 3006 5006 1320 151
		}
		control={
			3209.000000 1604.000000 3214.000000 1612.000000 3211.000000 1617.000000 3209.000000 1622.000000 3204.000000 1627.000000 3203.000000 1633.000000 3198.000000 1637.000000 3188.000000 1636.000000 3183.000000 1638.000000 3172.000000 1642.000000 3164.000000 1646.000000 3161.000000 1653.000000 3152.000000 1656.000000 3139.000000 1654.000000 3132.000000 1659.000000 3122.000000 1660.000000 3109.000000 1661.000000 3106.000000 1670.000000 3099.000000 1674.000000 3092.000000 1672.000000 
		}
	}
	outgoing={
		name="alexandria"
		path={
			1316 1315 358 
		}
		control={
			3191.000000 1584.000000 3160.780029 1526.050049 3119.000000 1518.000000 
		}
	}
	members={
		377 378 407 1849 321 382 1855 327 332 418 381 405 331 2303 2305 2306 2307 2308 2309 2313 2314 2302 3113 3114 3118 3119 3120 3121 3122 3262 3745
		3478 3483 3484 3776 3812 3816 3817 3818 3964 4011 4012
		4247 4248 4249 4250 4251 4431
	}
}
katsina={
	location=1149
	inland=yes
	outgoing={
		name="timbuktu"
		path={
			1148 2273 2269 1133 2262 1132 
		}
		control={
			2716.000000 1212.000000 2692.000000 1195.000000 2657.000000 1227.000000 2641.000000 1260.000000 2619.000000 1276.000000 
		}
	}
	outgoing={
		name="tunis"
		path={
			352 341 
		}
		control={
			2834.000000 1323.000000 2856.409912 1425.560059 2850.000000 1522.000000 2815.000000 1530.000000 2788.000000 1556.000000 2800.000000 1576.000000 
		}
	}
	outgoing={
		name="alexandria"
		path={
			352 358 
		}
		control={
			2791.000000 1197.000000 2827.000000 1207.000000 2867.000000 1198.000000 2895.000000 1214.000000 2943.000000 1210.000000 3005.000000 1223.000000 3075.000000 1212.000000 3135.000000 1227.000000 3149.000000 1257.000000 3163.000000 1285.000000 3154.000000 1310.000000 3122.000000 1288.000000 3109.000000 1321.000000 3128.000000 1350.000000 3146.000000 1378.000000 3151.000000 1421.000000 3124.000000 1445.000000 3122.000000 1479.000000 3114.000000 1489.000000 
		}
	}
	members={
		2292 1143 2289 1146 1162 1145 1152 1153 1150 1154 1155 1156 1157 1158 1160 1161 1249 1149 1148 2273 2272 2274 2275 2276 2277 2278 2279 2280 2281 2282 2283 2284 2285 2286 2287 2288 2293 2475 1159 3719 3720 3721 3203 3201 2932
		3878 3874 3875 3876 3877 1144
		4695 4696 4701 4702 4703 4704 4706 4707 4708 4709 4710 4711 4712 4713 4714 4715 4716 4717 4718 4719 4720 4721 4722 4723 4724 4725 4726 4727
	}
}
ethiopia={
	location=1224
	inland=yes
	outgoing={
		name="alexandria"
		path={
			1232 2321 361 358 
		}
		control={
			3241.000000 1206.000000 3240.000000 1222.000000 3220.000000 1236.000000 3217.000000 1262.000000 3224.000000 1284.000000 3228.000000 1310.000000 3221.149902 1349.010010 3200.000000 1387.000000 3178.000000 1426.000000 3159.000000 1456.000000 3153.000000 1464.000000 3144.000000 1479.000000 3130.000000 1484.000000 
		}
	}
	members={
		774 1217 1218 1222 2756 2757 2758 2759 2760 2761 2762 2763 2764 2772 2791 2778 2784 2785 2792 2797 2773 2766 2767 2768 2769 2770 2771 2779 2780 2781 2787 1224 1213 1223 1214 1216 1221 2800 2801 2802 1229 1225 1226 1227 1220 1207 1208 1210 1211 2798 2799 1219 2776 2777 2323 3709 3710 3757 2793 2024
		3824 3825 3826 3827 3873 3868 3869 3870 3871 3872 3968 3969 3970 3975 3978 3982
		4540 4541 4542 4543 4544 4545 4546 4550 4551 4552 4553 4554 4555 4556 4557 4558 4559 4560 4561 4562 4563 4564 4565 4566 4567 4568 4569 4570 4571 4572 4573 4574 4575 4576 4577 4579 4580 4581 4582 4583 4584 4585 4586 4587 4588 4589 4590 4591 4595 4596 4598 4599 4600 4601 4602 5016
	}
}
alexandria={
	location=358
	color={
200 200 102 	}
	outgoing={
		name="aegean_trade"
		path={ 1315 1932 1319 }
		control={ 3091.000000 1534.000000 3064.000000 1552.000000 3049.000000 1579.000000 3017.000000 1590.000000 }
	}
	outgoing={
		name="venice"
		path={
			1315 1318 145 1773 144 143 1310 1309 1308 
		}
		control={
			3080.000000 1538.000000 3031.000000 1563.000000 2982.000000 1571.000000 2940.000000 1634.000000 2931.000000 1670.000000 2880.000000 1702.000000 2850.000000 1728.000000 
		}
	}
	outgoing={
		name="napoli"
		path={
			357 1314 1313 1306 1302 1304 
		}
		control={
			3062.000000 1529.000000 2973.000000 1545.000000 2911.000000 1552.000000 2857.000000 1577.000000 
		}
	}
	members={
		3761 3960 3979 3980 4003 4004 4005 4006 4007 4008 4009 4010
		1232 383 384 385 163 357 358 359 360 361 362 363 364 365 379 380 1228 1233 1234 1854 1231 2315 2316 2317 2318 2319 2320 2321 2322 2324 2325 2326 2327 2328 2329 2330 2331 2332 3266 3314 3292 3293 3291 3336
		4252 4260 4262 4539
	}
}
astrakhan={
	location=464
	inland=yes
	outgoing={
		name="kazan"
		path={
			466 303 1081 1082 
		}
		control={
			3352.000000 1806.000000 3330.000000 1817.000000 3353.000000 1876.000000 3400.000000 1898.000000 
		}
	}
	outgoing={
		name="crimea"
		path={
			468 287 1323 
		}
		control={
			3337.000000 1797.000000 3257.000000 1791.000000 3218.000000 1775.000000 3202.000000 1743.000000 
		}
	}
	members={
		299 302 303 425 439 443 464 465 466 467 469 470 474 1971 2198 2199 2208 2365 2367 2366 2408 2415 2417 2418 2419 3174 3742
		3821 3822
		4347 4348 4349 4350 4351 4352 4353 4354 4355 4356 4357 4358 4359 4360 4361 4363 4364 4365
	}
}
crimea={
	location=1322
	color={
59 158 125 	}
	outgoing={
		name="kiev"
		path={
			284 282 281 280 
		}
		control={
			3131.000000 1761.000000 3116.000000 1784.000000 3115.000000 1806.000000 3126.000000 1831.000000 
		}
	}
	outgoing={
		name="danube"
		path={ 4866 4867 3151 }
		control={ 3124.000000 1744.000000 3105.000000 1755.000000 3094.000000 1756.000000 3084.000000 1754.000000 3075.000000 1755.000000 3072.000000 1744.000000 3073.000000 1738.000000 3067.000000 1734.000000 3057.000000 1733.000000 3045.000000 1730.000000 3031.000000 1723.000000 3020.000000 1726.000000 3014.000000 1724.000000 3004.000000 1728.000000 2996.000000 1726.000000 2995.000000 1729.000000 2998.000000 1730.000000 2997.000000 1733.000000 2993.000000 1733.000000 2989.000000 1737.000000 2992.000000 1741.000000 2988.000000 1743.000000 2982.000000 1740.000000 2973.000000 1739.000000 }
	}
	outgoing={
		name="constantinople"
		path={
			1322 1321 1320 
		}
		control={
			3112.000000 1711.000000 
		}
	}
	members={
		288 1323 282 284 285 286 287 330 422 423 462 463 468 1322 1856 1974 2195 2196 2197 2201 2204 2406 2409 2410 2411 2412 2413 2414 2416 2447 3128 3124 3125 3126 283 3411 3412 3744
		3480 3806 3805 3807 3808 3809 3811
		4362 4381 4382
	}
}
constantinople={
	location=1320
	color={
126 203 120 	}
	outgoing={
		name="danube"
		path={ 151 3106 149 4426 2750 1765 3260 2746 4442 141 }
		control={ 3085.000000 1677.000000 3078.000000 1679.000000 3069.000000 1679.000000 3060.000000 1683.000000 3055.000000 1684.000000 3052.000000 1688.000000 3048.000000 1689.000000 3041.000000 1694.000000 3030.000000 1697.000000 3019.000000 1697.000000 3013.000000 1701.000000 3006.000000 1702.000000 3000.000000 1707.000000 2992.000000 1709.000000 2985.000000 1716.000000 2978.000000 1720.000000 2972.000000 1724.000000 2970.000000 1731.000000 }
	}
	members={
		1320 149 151 316 317 319 322 323 324 325 326 328 329 1764 1846 1848 2297 2298 2299 2300 2301 2304 3106 3107 3110 3111 3112 3108 3109 3261 3263 3264 3746
		3006 3479 3007 3018 3477 3481 3780 3819
		4426 4427 4428 4429 4435 5006 5032 5093
	}
}
aegean_trade={
	location=1319
	color={ 30 211 232 }
	outgoing={
		name="ragusa"
		path={ 1312 1311 1310 1309 }
		control={ 3001.000000 1606.000000 3000.000000 1595.000000 2993.000000 1595.000000 2987.000000 1593.000000 2978.000000 1598.000000 2970.000000 1602.000000 2970.000000 1611.000000 2965.000000 1621.000000 2962.000000 1630.000000 2955.000000 1634.000000 2948.000000 1646.000000 2937.000000 1657.000000 2938.000000 1680.000000 2935.000000 1691.000000 2926.000000 1700.000000 2914.000000 1701.000000 }
	}
	outgoing={
		name="constantinople"
		path={ 1319 1320 }
		control={3022.000000 1628.000000 3014.000000 1638.000000 3022.000000 1650.000000 3028.000000 1659.000000 3036.000000 1660.000000 3041.000000 1656.000000 3046.000000 1658.000000 3049.000000 1661.000000 3052.000000 1663.000000 3054.000000 1665.000000 3059.000000 1667.000000 3063.000000 1672.000000 3074.000000 1672.000000 3083.000000 1670.000000}
	}
	outgoing={
		name="napoli"
		path={ 1312 1307 1304 121 }
		control={ 3001.000000 1606.000000 3000.000000 1595.000000 2993.000000 1595.000000 2987.000000 1593.000000 2978.000000 1598.000000 2970.000000 1602.000000 2966.000000 1604.000000 2950.000000 1605.000000 2926.000000 1620.000000 2903.000000 1623.000000 2884.000000 1619.000000 2880.000000 1625.000000 2883.000000 1637.000000 2874.000000 1654.000000 }
	}
	members={
		145 146 147 148 164 318 320 1773 2296 2348 3003 3033 3034 3104 3105 3265 3482 3499 3758 3759 3760 4430 4432 4433 4434 4522 4537
	}
}
kiev={
	location=280
	outgoing={
		name="novgorod"
		path={
			278 292 275 311 310 
		}
		control={
			3101.000000 1903.000000 3104.000000 1940.000000 3123.000000 1977.000000 3117.000000 2010.000000 
		}
	}
	outgoing={
		name="krakow"
		path={
			279 260 262 
		}
		control={
			3046.000000 1852.000000 2988.000000 1862.000000 
		}
	}
	members={
		270 272 276 278 279 280 281 289 290 291 292 297 298 300 770 1937 1941 1942 1943 1944 1945 2407 2962 3188 3196 3194 3195 3175 3197 3193 3186 3187 3223 3224 3225 3226 3227 3228
		4367 4368 4370 4372 4379 4380 4383 4384 4385 4386 4387 4390 4392 4950 4951 4952 4953 4954 4955 4956 4957
	}
}
kazan={
	location=1082
	inland=yes
	outgoing={
		name="novgorod"
		path={
			306 307 308 312 310 
		}
		control={
			3375.000000 1970.000000 3334.000000 1966.000000 3306.000000 1983.000000 3254.000000 1989.000000 3209.000000 2056.000000 
		}
	}
	members={
		301 304 305 306 307 473 475 1077 1079 1081 1082 1083 1753 1754 1778 1956 1957 1962 3569 1965 1972 2420 2421 2422 2423 2441 2444 3173 3170 3171 3172 3176 3177 3178
		4336 4340 4341 4342 4343 4344 4345 4346 4366
	}
}
novgorod={
	location=33
	color={
97 126 37 	}
	outgoing={
		name="baltic_sea"
		path={
			34 36 1926 
		}
		control={
			3045.000000 2041.000000 2991.000000 2029.000000 
		}
	}
	outgoing={
		name="white_sea"
		path={
			1261 309 1652 
		}
		control={
			3101.000000 2066.000000 3152.000000 2109.000000 3197.000000 2157.000000 
		}
	}
	members={
		30 31 32 33 34 274 275 293 294 295 296 308 309 310 311 312 314 771 1752 1959 1960 1961 2749 3213 3157 3179 3182 3189 3165 3184 3158 3159 3180 3160 3162 3163 3183 3161 3166 3168 3169 3190 3191 3181 3192 3167 3221 3222
		4369 4371 4373 4374 4375 4388 4389 4958 4959 4960 4961 4964
	}
}
cuiaba={
	location=800
	outgoing={
		name="laplata"
		path={
			800 1536 
		}
		control={
			1725.000000 669.000000 1737.000000 615.000000 1682.000000 478.000000 1734.699951 445.709991 
		}
	}
	outgoing={
		name="lima"
		path={
			800 809 
		}
		control={
			1626.000000 782.000000 1544.000000 798.000000 1509.000000 790.000000 1474.000000 813.000000 
		}
	}
	members={
		800 2882 799 2881 2902 2832 803 801 2835 2834 2838 794 2942 797 802 2831 2941 2940 2946 795 793 796 2840 2839 2837 792 2841 2836 2844
		4773 4774 4775 4776 4777 4778
	}
}
laplata={
	location=1536
	outgoing={
		name="brazil"
		path={
			1535 1534 1533 1532 1531 
		}
		control={
			1842.000000 478.000000 1914.000000 598.000000 2005.000000 642.000000 2059.000000 776.000000 
		}
	}
	members={
		772 773 775 776 777 778 779 790 1536 2842 2843 2883 2845 2846 2847 2848 2849 2850 2851 2852 2853 2854 2855 2857 2858 2859 2860 2861 2862 2865 2866 2877 2878 2879 2884 2887 2871 2901 791
	}
}
lima={
	location=809
	outgoing={
		name="panama"
		path={
			1545 1546 1547 1548 835 
		}
		control={
			1410.000000 823.000000 1349.000000 918.000000 1368.000000 1020.000000 1409.000000 1078.000000 
		}
	}
	members={
		1544 804 805 806 807 808 809 810 811 814 2828 2829 2830 2833 2944 2947 820 818 822 2818 823 2817 2816 2814 2820 817 815 821 2823 2945 819 816 2824 2821 2943 813 812 2825 2827 2822 2826
		4779 4780 4782 4783 4784 4785 4786 4787 4788 4789 4790 4791 4792
	}
}
brazil={
	location=1531
	outgoing={
		name="ivory_coast"
		path={
			1596 1597 1586 1585 1466 
		}
		control={
			2349.000000 947.000000 2544.000000 993.000000 
		}
	}
	members={
		1531 750 751 752 753 754 755 756 757 758 759 760 761 762 763 764 765 766 768 769 2885 2886 2888 2891 2892 2893 2894 2895 2896 2897 2898 2899 2905 2906 2907 2908 2912 2913 2914 2915 2916 2917 2918 2919 2920 2921 2922 2903 2867
	}
}
timbuktu={
	location=1132
	inland=yes
	outgoing={
		name="safi"
		path={
			1127 346 344 345 
		}
		control={
			2599.000000 1315.000000 2568.000000 1387.000000 2559.000000 1450.000000 2547.000000 1488.000000 2512.000000 1512.000000 
		}
	}
	outgoing={
		name="ivory_coast"
		path={
			2263 1135 2252 2255 2257 1466 
		}
		control={
			2594.000000 1237.000000 2586.000000 1196.000000 2600.000000 1146.000000 2603.000000 1123.000000 2603.000000 1104.000000 
		}
	}
	members={
		1115 1116 2237 2238 2240 1122 1125 2251 1135 1137 2265 2266 1136 2295 2256 2267 2252 2253 2254 2255 1138 1140 1129 2247 1117 1120 1121 1124 1123 1130 1131 1132 1134 1133 1142 2243 2245 2246 2248 2249 2250 2259 2260 2261 2262 2263 2264 2268 2269 2270 2271 2244 2291 3322 3323 3325 3326 3715 3716 3717 3718 2257
		4730 4731 4732 4733 4735 4743 4744 4745 4746
	}
}

ivory_coast={
	location=1466
	outgoing={
		name="carribean_trade"
		path={
			1467 1468 1579 1577 1576 1522 1520 1519 1517 1516 
		}
		control={
			2474.000000 1017.000000 2321.000000 1087.000000 2089.000000 1170.000000 1840.000000 1227.000000 1681.000000 1244.000000 1574.000000 1236.000000 1505.000000 1244.000000 
		}
	}
	outgoing={
		name="bordeaux"
		path={
			1467 1468 1470 1471 1566 1563 
		}
		control={
			2484.000000 1056.000000 2392.000000 1141.000000 2340.000000 1231.000000 2338.000000 1360.000000 2412.000000 1502.000000 2451.000000 1636.000000 2487.000000 1730.000000 2592.000000 1731.000000 
		}
	}
	outgoing={
		name="english_channel"
		path={
			1467 1468 1470 1471 1566 1563 
		}
		control={
			2479.000000 1044.000000 2383.000000 1127.000000 2323.000000 1229.000000 2320.000000 1367.000000 2400.000000 1528.000000 2448.000000 1701.000000 2505.000000 1785.000000 2556.000000 1816.000000 2607.000000 1839.000000 2665.000000 1862.000000 2692.000000 1878.000000 
		}
	}
	outgoing={
		name="sevilla"
		path={
			1467 1468 1470 1471 1566 1563 
		}
		control={
			2497.000000 1067.000000 2402.000000 1148.000000 2355.000000 1226.000000 2358.000000 1357.000000 2420.000000 1477.000000 2476.000000 1560.000000 
		}
	}
	outgoing={
		name="porto_trade"
		path={
			1467 1468 1470 1471 1472 1292 
		}
		control={
			2490.000000 1062.000000 2397.000000 1144.000000 2347.000000 1228.000000 2348.000000 1358.000000 2416.000000 1489.000000 
		}
	}
	members={
		1164 1165 1166 1167 2239 1096 1112 1113 1114 2241 1466 1097 1098 1118 1119 1126 1139 1141 1147 1151 1163 1172 2242 2258 2290 2294 3317 1111 2602 2606 3521 2509 3572 3570 3519 2505 3500 1306 1168 2508 3712 3713 3714 3502
		4693 4694 4697 4698 4699 4700 4705 4728 4729 4734 4736 4737 4738 4739 4740 4741 4742 4747 4748 4749 4750 4751 4752 4753
	}
}
tunis={
	location=341
	color={
146 134 57 	}
	outgoing={
		name="sevilla"
		path={
			340 339 1301 1294 1293 
		}
		control={
			2760.000000 1581.000000 2724.000000 1587.000000 2705.000000 1611.000000 2654.000000 1605.000000 2608.000000 1586.000000 
		}
	}
	outgoing={
		name="barcelona"
		path={
			1302 1301 1295 
		}
		control={
			2793.000000 1616.000000 2695.000000 1621.000000 
		}
	}
	outgoing={
		name="napoli"
		path={ 1302 1304 121 }
		control={ 2808.000000 1613.000000 2820.000000 1637.000000 2847.000000 1651.000000 }
	}
	members={
		338 339 340 341 350 351 352 353 354 355 356 1882 2448 2449 2450 2451 2452 2453 2454 2455 2456 2457 2458 2459 2472 2473 2474 2954 3305 3310 3306 3312 3311 3307 3308 3313 
		3835 3834 3833 4025
		5010
	}
}
ragusa={
	location=137
	color={ 130 130 145 }
	outgoing={
		name="wien"
		path={
			139 140 1767 1864 135 134 
		}
		control={
			2917.000000 1716.000000 2921.000000 1730.000000 2926.000000 1764.000000 2929.000000 1794.000000 2904.000000 1798.000000 
		}
	}
	outgoing={
		name="venice"
		path={
			136 1308 
		}
		control={
			2898.000000 1704.000000 2860.000000 1735.000000 
		}
	}
	outgoing={
		name="napoli"
		path={
			1310 1311 1307 1304
		}
		control={
			2925.000000 1678.000000 2927.000000 1653.000000 2893.000000 1616.000000 2880.000000 1620.000000 2879.000000 1633.000000 2864.000000 1656.000000 
		}
	}
	members={
		129 130 131 136 137 138 139 140 142 143 144 1766 1826 1827 1828 1831 1853 3001 3002 3031 3032 3036 3098 3099 3100 3101 3102 3103 3283 3284 3728 3967
		4436 4437 4438 4439 4443 4444
	}
}
safi={
	location=345
	color={
191 110 62 	}
	outgoing={
		name="sevilla"
		path={
			342 1293 
		}
		control={
			2512.000000 1540.000000 2535.000000 1556.000000 
		}
	}
	outgoing={
		name="porto_trade"
		path={
			1472 1292 227
		}
		control={
			2480.000000 1540.000000 2485.000000 1575.000000 2481.000000 1611.000000 2481.000000 1623.000000 2482.000000 1627.000000 2489.000000 1631.000000
		}
	}
	members={
		344 345 346 347 348 1110 1127 2460 2464 2466 2467 2468 2469 2470 366 368 2461 2462 2463 2465 336 342 343 349 1128 3299 3298 3297 3295 3294 3301 3303 3309 3304 3315 3316 3321 3319 3320 3318 3328 3324 
		3832 3831 3830 3829 3828 3884
		5011 5012
	}
}
danube={
	location=3151
	color={ 189 100 102 }
	outgoing={
		name="wien"
		path={ 3035 3803 3237 3236 153 135 3240 }
		control={ 2954.000000 1742.000000 2944.000000 1761.000000 2936.000000 1793.000000 2914.000000 1797.000000 2895.000000 1797.000000 }
	}
	outgoing={
		name="ragusa"
		path={ 140 3002 139 137 }
		control={ 2966.000000 1728.000000 2968.000000 1713.000000 2957.000000 1706.000000 2948.000000 1698.000000 2941.000000 1698.000000 2934.000000 1702.000000 2929.000000 1705.000000 2924.000000 1706.000000 2919.000000 1709.000000 }
	}
	outgoing={
		name="krakow"
		path={ 3035 3803 3237 3236 4937 4416 3288 4865 262 }
		control={ 2967.000000 1741.000000 2961.000000 1758.000000 2973.000000 1779.000000 2967.000000 1805.000000 2971.000000 1827.000000	}
	}
	members={
		141 150 155 156 157 158 159 160 161 162 268 1318 1756 1765 1951 1952 1953 1954 2405 2746 2750 2998 3000 3035 3096 3097 3129 3130 3131 3132 3133 3134 3151 3232 3233 3234 3235 3236 3237 3238 3259 3260 3285 3286 3287 3779 3803 4417 4418 4419 4420 4421 4422 4423 4424 4425 4440 4441 4442 4858 4859 4860 4861 4862 4863 4864 4927 4937 4938 4948
	}
}
krakow={
	location=262
	inland=yes
	outgoing={
		name="wien"
		path={
			154 1772 134 
		}
		control={
			2926.000000 1823.000000 2908.000000 1810.000000 
		}
	}
	outgoing={
		name="saxony"
		path={
			263 264 1763 
		}
		control={
			2923.000000 1850.000000 2900.000000 1868.000000 2871.000000 1883.000000 
		}
	}
	outgoing={
		name="baltic_sea"
		path={
			258 255 1859 43 1927 1926 
		}
		control={
			2940.000000 1863.000000 2931.000000 1881.000000 2917.729980 1901.810059 2943.000000 1939.000000 2958.000000 1962.000000 
		}
	}
	members={
		258 259 260 261 262 263 264 269 277 1940 256 257 1938 1939 254 255 2424 2959 2960 2961 2963 2966 3230 3245 3246 3247 3248 3249 3257 3258 3669 3674 2672
		4408 4409 4410 4411 4412 4413 4414 4415 4865 4940 4941 4942 4943 4944 4945 4946 4947 4949
	}
}
wien={
	location=134
	color={
220 220 220 	}
	inland=yes
	outgoing={
		name="venice"
		path={
			132 128 1769 1308 
		}
		control={
			2877.000000 1782.000000 2861.000000 1778.000000 2845.000000 1758.000000 
		}
	}
	outgoing={
		name="rheinland"
		path={
			133 64 1757 67 66 79 1876 
		}
		control={
			2861.000000 1811.000000 2828.000000 1824.000000 2811.000000 1838.000000 2788.000000 1839.000000 
		}
	}
	outgoing={
		name="saxony"
		path={
			1770 267 266 1771 61 59 
		}
		control={
			2884.000000 1821.000000 2864.000000 1827.000000 2864.000000 1844.000000 2859.000000 1861.000000 
		}
	}
	members={
		64 65 67 68 71 73 76 110 128 132 133 134 135 152 153 154 265 266 267 1757 1767 1768 1770 1771 1772 1863 1864 1868 1872 2955 2956 2957 2967 2968 2970 3046 3047 3148 3150 3239 3240 3241 3242 3243 3244 3288 3289 
		3485 2334 3966
		4416 4445 4446 4483 4484 4485 4486 4487 4488 4489 4490 4517 4518 4519 4520 4521 4538 4772 4934 4935 4936 5007 5030 5031 5071 5072 5073 5084 5085 5086 5087 5088 5089 5090 5091
	}
}
saxony={
	location=59
	inland=yes
	outgoing={
		name="rheinland"
		path={
			62 63 79 81 1876 
		}
		control={
			2818.000000 1864.000000 2791.000000 1862.000000 
		}
	}
	outgoing={
		name="lubeck"
		path={
			58 52 51 46 45 
		}
		control={
			2822.000000 1882.000000 2826.000000 1893.000000 2819.000000 1904.000000 
		}
	}
	members={
		49 50 53 57 62 63 66 1758 1762 51 60 61 1759 1763 52 58 59 2964 2965 2969 2971 2972 2993 3146 3147 3282 3280 3281 3278
		4491 4492 4493 4495 4496 4497 4498 4499 4514 4515 5023 5024 5025 5026 5027 5028 5029 
	}
}
porto_trade={			#BT
	location=227
	color={ 57 160 101 }
	outgoing={
		name="sevilla"
		path={ 1292 1293 224 }
		control={ 2491.000000 1629.000000 2493.000000 1617.000000 2495.000000 1605.000000 2512.000000 1599.000000 }
	}
	members={
		206 207 216 227 228 229 230 231 232 1747 1851 3076 3077 3084 3085 4057 4494 4532 4533 4781 4928 5009 5052 5053 5074 
	} #22 Provinces
}
baltic_sea={
	location=1926
	color={
8 82 165 	}
	outgoing={
		name="lubeck"
		path={
			1255 1257 1925 45 
		}
		control={
			2916.000000 1997.000000 2896.000000 1955.000000 2850.000000 1943.000000 2825.000000 1927.000000 
		}
	}
	members={
		7 1926 1 2 3 4 5 1985 8 9 10 11 18 3775 19 25 27 28 29 35 36 37 38 39 40 271 273 1834 1842 1930 1935 1936 41 42 43 1841 1859 767 2958 2997 3207 3205 3212 3211 3210 3206 3204 3219 3220 3215 3229 3231 3722 3765 3766 3767
		4391 4393 4394 4395 4396 4400 4401 4402 4407 4939 4962 4963 4965 4966 5008
	}
}
rheinland={
	location=1876
	color={ 114 171 184 }
	inland=yes
	outgoing={
		name="champagne"
		path={
			83 1760 80 188 187 186 
		}
		control={
			2756.000000 1849.000000 2743.000000 1838.000000 2721.000000 1823.000000 
		}
	}
	outgoing={
		name="lubeck"
		path={
			1762 57 53 1857 45 
		}
		control={
			2774.000000 1858.000000 2785.000000 1871.000000 2798.000000 1890.000000 2801.000000 1908.000000 
		}
	}
	members={
		56 69 70 72 74 75 77 78 79 80 81 82 83 84 85 86 165 166 188 189 1760 1761 1867 1869 1870 1871 1873 1876 1878 1880 2973 2975 3010 3011 3024 3045 3665 3667 3676 3723 3724 3725 3726 4022 4023
		4479 4480 4481 4482 4505 4506 4507 4508 4509 4510 4511 4512 4513 4516 5068 5069 5070 5075 5092 5103
	}
}
panama={
	location=835
	outgoing={
		name="carribean_trade"
		path={
			1515 1517 1516 
		}
		control={
			1395.000000 1180.000000 1414.000000 1237.000000 
		}
	}
	members={
		824 825 826 827 828 829 832 835 836 837 838 839 840 2002 2637 2640 2660 2661 2662 2663 2664 2813 2819 2904
		4793 4794 4795 4796 4797 4798 4799 4802 4803 4804 4805 4817
	}
}
carribean_trade={
	location=1516
	outgoing={
		name="chesapeake_bay"
		path={
			1524 1503 1502 1501 1500 
		}
		control={
			1484.000000 1330.000000 1448.000000 1367.000000 1430.000000 1403.000000 1435.000000 1434.000000 1399.000000 1506.000000 1471.000000 1568.000000 1492.000000 1608.000000 
		}
	}
	outgoing={
		name="bordeaux"
		path={
			488 490 1526 1575 1583 1580 1567 1563 
		}
		control={
			1546.000000 1279.000000 1638.000000 1344.000000 1839.000000 1524.000000 2173.000000 1684.000000 
		}
	}
	outgoing={
		name="porto_trade"
		path={
			488 490 1526 1575 1583 1580 1567 1563 
		}
		control={
			1548.000000 1263.000000 1679.000000 1321.000000 1899.949951 1502.949951 2203.000000 1624.000000 
		}
	}
	members={
		1813 1516 481 482 483 484 485 486 487 488 489 490 491 492 493 494 495 496 497 498 499 500 501 502 741 831 926 1881 2654 2655 2656 2658 2659 2535 2536 2803 2805 2808 2809 2939 2806 830 2807 927 2534 928 923 2533 3355 3356 3357 1814 2900
		4800 4801 4806 4807 4808 4809 4810 4811 4812 4813 4814 4815 4816
	}
}
chesapeake_bay={
	location=1500
	color={
193 26 14 	}
	outgoing={
		name="st_lawrence"
		path={
			965 963 969 2012 986 1490 
		}
		control={
			1546.000000 1677.000000 1615.000000 1712.000000 1703.000000 1761.000000 
		}
	}
	outgoing={
		name="english_channel"
		path={
			1570 1572 1582 1568 1564 1563 
		}
		control={
			1652.000000 1513.000000 2108.000000 1684.000000 2427.000000 1770.000000 2543.000000 1824.000000 2599.000000 1837.000000 2665.000000 1862.000000 2692.000000 1878.000000 
		}
	}
	members={
		1500 924 929 930 931 932 933 936 937 938 949 950 952 953 955 956 957 962 963 965 966 967 968 969 970 2010 2011 2013 2023 2537 2538 2539 2540 2541 2542 2543 2544 2545 2546 2547 2549 2550 2552 2553 2554 2556 2557 2558 2560 2561 2562 2564 2565 2639 925 2005 2504 2599
	}
}
james_bay={
	location=1486
	outgoing={
		name="st_lawrence"
		path={
			1000 1002 992 993 990 994 1490 
		}
		control={
			1392.000000 1892.000000 1413.000000 1819.000000 1438.000000 1764.000000 1477.000000 1766.000000 1501.000000 1778.000000 1527.000000 1790.000000 1558.000000 1817.000000 1597.000000 1833.000000 1626.000000 1835.000000 
		}
	}
	outgoing={
		name="north_sea"
		path={ 1488 1485 1483 1482 1924 1481 1498 1477 1476 1299 1281 }	#Just cut all after 1483 to restore Labrador Sea node
		control={ 1328.000000 2019.000000 1369.000000 2095.000000 1441.000000 2100.000000 1505.000000 2098.000000 1594.000000 2050.000000 1630.000000 2059.000000 1685.000000 2016.000000 1802.000000 2073.000000 1875.000000 2051.000000 1908.000000 2049.000000 1957.000000 2029.000000 2079.000000 2073.000000 2248.000000 2096.000000 2295.000000 2114.000000 2343.000000 2105.000000 2449.000000 2120.000000 2526.000000 2068.000000 2585.000000 2048.000000 2633.000000 2057.000000 }
	}
	members={
		1486 997 998 999 1000 1003 1004 1005 1006 1008 1009 1010 1011 1805 1806 1807 1811 2004 2016 2017 2018 2589 2590 2591 2592 2593 2594 2596 2597 2511 2574 2575 2588 1002 1104 1105 1804 3185 
	}
}
st_lawrence={
	location=1490
	color={
193 192 14 	}
	outgoing={
		name="irish_sea"
		path={
			1491 1495 1565 1564 1563 1288 1285 1284 
		}
		control={
			1628.000000 1832.000000 1656.000000 1821.000000 1689.000000 1811.000000 1707.000000 1793.000000 1750.000000 1792.000000 1762.000000 1780.000000 1783.000000 1782.000000 1805.000000 1776.000000 1841.000000 1796.000000 1929.000000 1794.000000 2053.000000 1827.000000 2218.000000 1799.000000 2314.000000 1826.000000 2367.000000 1818.000000 2387.000000 1813.000000 2398.000000 1814.000000 2408.000000 1816.000000 2421.000000 1820.000000 2453.000000 1834.000000 2475.000000 1859.000000 2510.000000 1868.000000 2542.000000 1882.000000 
		}
	}
	outgoing={
		name="bordeaux"
		path={
			1491 1494 1495 1565 1564 1479 1563 
		}
		control={
			1726.000000 1778.000000 1804.000000 1767.000000 2040.000000 1817.000000 2400.000000 1805.000000 
		}
	}
	members={
		959 960 961 964 971 980 981 982 983 984 985 986 989 990 991 992 993 994 995 996 2012 1490 2566 2567 2568 2569 2570 2571 2572 2573 2576 2577 2578 2579 2580 2581 2582 2583 2584 2585 2559 2563 
		3337 
	}
}
white_sea={
	location=1652
	color={
210 46 28 	}
	outgoing={
		name="north_sea"
		path={
			1263 1264 1265 1929 1266 1975 
		}
		control={
			3283.000000 2213.000000 3047.000000 2298.000000 2865.000000 2257.000000 2797.000000 2167.000000 2701.000000 2096.000000 
		}
	}
	members={
		1652 313 1755 1776 1777 1955 1958 1963 1964 2425 3777 2426 3164 1780 3198
		4337 4338 4339 4376 4377 4378
	}
}
north_sea={
	location=1975
	color={
117 165 188 	}
	outgoing={
		name="english_channel"
		path={
			1270 236 
		}
		control={
			2686.000000 1921.000000 
		}
	}
	outgoing={
		name="lubeck"
		path={
			1266 1267 1259 1258 1925 45 
		}
		control={
			2806.000000 1997.000000 2805.000000 1953.000000 2808.000000 1943.000000 2807.000000 1934.000000 2815.000000 1928.000000 
		}
	}
	members={
		1975 20 21 22 23 24 248 250 251 252 253 315 369 370 371 1978 1979 2752 246 245 3025 3029 3087 3088 3217 3290 3753
		3093 3498 3883 
		4267 4397 4398 4399 4523 4524 5094 5095 5096 5098 5099 5100 5101
	}
}
lubeck={
	location=45
	color={
190 70 70 	}
	outgoing={
		name="english_channel"
		path={
			1857 44 1268 1269 1744 
		}
		control={
			2797.000000 1910.000000 2782.000000 1915.000000 2770.000000 1918.000000 2732.000000 1919.000000 2700.000000 1899.000000 
		}
	}
	members={
		6 12 13 14 15 16 17 26 44 45 46 47 54 55 1775 1857 1874 48 1858 1982 1981 1983 1984 1931 2994 2995 2996 3145 3209 3208 3214 3216 3218 781
		3839 3838 3837 3836 4024
		4403 4404 4405 4406 4500 4501 4502 4503 4504 4770 4967 5109
	}
}
bordeaux={
	location=1276
	color={
36 132 247 	}
	outgoing={
		name="champagne"
		path={
			1275 172 178 184 185 
		}
		control={
			2590.000000 1777.000000 2610.000000 1790.000000 2631.000000 1786.000000 2659.000000 1794.000000 
		}
	}
	members={
		1276 171 172 173 174 175 176 180 194 209 210 1745 178 179 190 195 196 198 199 3058 3059 3061 3062 3063 3064 3065 3066 3067 3068 3069 
		3486 3489 3764 3991 3994
		4085 4467 4468 4469 5040 5041 5042 5063 5064 5108
	}
}
irish_sea={
	location=1284
	color={ 0 130 70 }
	outgoing={
		name="english_channel"
		path={ 1285 239 237 236 1271 1270 1269 }
		control={ 2551.000000 1872.000000 2565.000000 1872.000000 2579.000000 1867.000000 2587.000000 1867.000000 2593.000000 1872.000000 2605.000000 1875.000000 2614.000000 1875.000000 2619.000000 1871.000000 2623.000000 1871.000000 2629.000000 1868.000000 2636.000000 1871.000000 2642.000000 1869.000000 2654.000000 1873.000000 2674.000000 1891.000000 }
	}
	outgoing={
		name="north_sea"
		path={ 1283 1299 1282 1975 }
		control={ 2558.000000 1918.000000 2552.000000 1939.000000 2533.000000 1952.000000 2532.000000 1966.000000 2526.000000 1989.000000 2539.000000 1999.000000 2554.000000 2016.000000 2589.000000 2014.000000 2604.000000 1997.000000 2629.000000 1995.000000 2650.000000 1967.000000 }
	}
	members={
		233 239 240 241 242 244 247 249 372 373 374 375 376 3026 3027 3028 3029 3086 3089 3090 3091 3273 3274 3275 3276 3277 3279 3496 3995 4267 4525 4526 4529 4530 4531 5014 5097
	}
}
sevilla={
	location=1293
	color={
		204 221 107
	}
	outgoing={
		name="barcelona"
		path={
			1293 1294 1295 
		}
		control={
			2600.659912 1593.400024 2636.000000 1615.000000 2654.000000 1657.000000 
		}
	}
	members={
		208 215 217 218 219 221 222 223 224 225 226 334 335 367 1293 1748 1749 1750 1751 2751 2754 3075 3078 3079 3080 3081 3082 3083 3296 3491 3762 3763
		4534 4535 4536 4930 4931 4932 4933 5055 5056 5057
	}
}
barcelona={
	location=213
	color={
101 160 57 	}
	outgoing={
		name="genua"
		path={
			1295 1296 
		}
		control={
			2678.000000 1679.000000 2705.000000 1701.000000 
		}
	}
	members={
		197 212 213 2988 3073 220 2990 3072 214 2987 3071 211 2753 333 3074 2989 2755 3302 337 1746 
		3492 3493 3996
		4929 5054 5058 5059 
	}
}
champagne={
	location=186
	color={
193 26 14 	}
	inland=yes
	outgoing={
		name="english_channel"
		path={
			181 1866 92 1744 1269 
		}
		control={
			2694.000000 1835.000000 2685.000000 1853.000000 2703.000000 1867.000000 
		}
	}
	outgoing={
		name="genua"
		path={
			187 193 203 204 201 1297 
		}
		control={
			2710.000000 1798.000000 2717.000000 1782.000000 2713.000000 1766.000000 2715.000000 1746.000000 2712.000000 1720.000000 2719.000000 1706.000000 
		}
	}
	members={
		91 92 93 94 177 181 182 183 184 185 186 187 191 192 193 1742 1743 1866 1877 1879 2974 3012 3048 3049 3050 3051 3054 3055 3057 3060 
		3992
		4470 4472 4473 4474 4475 4477 4906 5035 5036 5037 5039 5102 5104 5106 5107
	}
}
napoli={
	location=121
	color={ 137 45 176 }
	outgoing={
		name="barcelona"
		path={ 1304 1302 1301 1295 }
		control={ 2837.000000 1663.000000 2804.000000 1675.000000 2763.000000 1679.000000 2708.000000 1641.000000 }
	}
	outgoing={
		name="venice"
		path={ 3039 118 2976 2977 1308 }
		control={ 2860.000000 1675.000000 2856.000000 1678.000000 2851.000000 1683.000000 2843.000000 1682.000000 2839.000000 1686.000000 2832.000000 1690.000000 2835.000000 1697.000000 2831.000000 1706.000000 2834.000000 1713.000000 2838.000000 1720.000000 2844.000000 1726.000000 2838.000000 1739.000000 }
	}
	outgoing={
		name="genua"
		path={ 1303 1297 1298 }
		control={ 2824.000000 1679.000000 2799.000000 1711.000000 }
	}
	members={
		118 120 121 122 123 124 125 126 127 1247 1934 2976 2977 2982 2983 2984 2986 3015 3016 3019 3020 3021 3037 3494 3495 4447 4448 4451 4452 4453 4769 5076 5077 5078 5082 5083
	}
}
venice={
	location=1308
	color={
54 167 156 	}
	members={
		108 111 112 113 119 1308 1769 1774 1933 2985 3005 3017 3039 3042 3043 3044 3149 3993
		4449 4450 4456 4459 4460 5018 5019 5079 5080 5081
	}
	end=yes
}
genua={
	location=1297
	color={
218 215 56 	}
	members={
		1297 101 102 103 104 107 109 114 200 201 202 204 205 1862 1875 105 106 115 116 117 203 2978 2979 2980 2981 2991 2992 3004 3008 3009 3030 3040 3041 3038 3014 3013 3413 
		3487 3488
		4454 4455 4457 4458 4461 4462 4463 4464 4465 4466 4476 4478 5017 5020 5021 5022 5043 5044 5061 5062
	}
	end=yes
}
english_channel={
	location=1269
	color={
220 138 57 	}
	members={
		234 235 236 237 238 243 1860 1861 87 88 90 95 96 97 98 99 100 1744 1865 89 167 168 1269 1270 1271 1272 3052 3053 3056 3070 3092 3094 3095 169 170 3022 3023 3727 2863
		3490 3497
		4471 4527 4528 4767 4768 4880 5015 5033 5034 5038 5049 5050 5051 5066 5067 5105
	}
	end=yes
}
